P(a) = 0.096491225
P(b) = 0.21929824
P(c) = 0.00877193
P(d) = 0.096491225
P(e) = 0.02631579
P(f) = 0.114035085
P(g) = 0.00877193
P(h) = 0.078947365
P(i) = 0.00877193
P(j) = 0.078947365
P(k) = 0.02631579
P(l) = 0.00877193
P(m) = 0.00877193
P(n) = 0.00877193
P(o) = 0.00877193
P(p) = 0.00877193
P(q) = 0.00877193
P(r) = 0.00877193
P(s) = 0.114035085
P(t) = 0.00877193
P(u) = 0.00877193
P(v) = 0.00877193
P(w) = 0.00877193
P(x) = 0.00877193
P(y) = 0.00877193
P(z) = 0.00877193
