P(a) = 0.09322034
P(b) = 0.025423728
P(c) = 0.22881356
P(d) = 0.09322034
P(e) = 0.025423728
P(f) = 0.11016949
P(g) = 0.008474576
P(h) = 0.076271184
P(i) = 0.008474576
P(j) = 0.076271184
P(k) = 0.025423728
P(l) = 0.008474576
P(m) = 0.008474576
P(n) = 0.008474576
P(o) = 0.008474576
P(p) = 0.008474576
P(q) = 0.008474576
P(r) = 0.008474576
P(s) = 0.11016949
P(t) = 0.008474576
P(u) = 0.008474576
P(v) = 0.008474576
P(w) = 0.008474576
P(x) = 0.008474576
P(y) = 0.008474576
P(z) = 0.008474576
