P(a) = 0.30172414
P(b) = 0.02586207
P(c) = 0.00862069
P(d) = 0.094827585
P(e) = 0.02586207
P(f) = 0.112068966
P(g) = 0.00862069
P(h) = 0.077586204
P(i) = 0.00862069
P(j) = 0.077586204
P(k) = 0.02586207
P(l) = 0.00862069
P(m) = 0.00862069
P(n) = 0.00862069
P(o) = 0.00862069
P(p) = 0.00862069
P(q) = 0.00862069
P(r) = 0.00862069
P(s) = 0.112068966
P(t) = 0.00862069
P(u) = 0.00862069
P(v) = 0.00862069
P(w) = 0.00862069
P(x) = 0.00862069
P(y) = 0.00862069
P(z) = 0.00862069
